1% acceptance
0.6585004136387064
0.6585004136387064
0.6585004136387064
0.6585004136387064
0.6585004136387064
0.6585004136387064
0.6585004136387064
0.6585004136387064
0.6585004136387064
0.6585004136387064
0.6593372476721087
0.6593372476721087
0.6593751367731794
0.6593751367731794
0.6593751367731794
0.6593751367731794
0.6593751367731794
0.6594190079192683
0.6594568970203389
0.6594568970203389
0.6594568970203389
0.6594568970203389
0.6594568970203389
0.6595007681664279
0.6595007681664279
0.6595007681664279
0.6595007681664279
0.6595007681664279
0.6595007681664279
0.6595386572674986
0.6595386572674986
0.6595386572674986
0.6595386572674986
0.6596027267753807
0.6596027267753807
0.6596027267753807

0.1% acceptance
0.3213018653930167
0.32248368655011234
0.32475585675384566
