1% acceptance
0.6753557532320901
0.6753867171439565
0.6754390763327291
0.6754700402445956
0.6755058928318196
0.6755582520205923
0.6755892159324587
0.675693934310004
0.675729786897228
0.6757821460860006
0.6758538512604487
0.6758538512604487

0.1% acceptance
0.3641437402703765
0.3642056680941093
0.36424152068133336
0.3642724845931997
0.36430833718042377
0.3643393010922902
0.36430344850506613
0.36437515367951423
0.364437081503247
0.3645417998807923
0.3645108359689259
0.3645417998807923
0.364594159069565
0.36463001165678904
0.364594159069565
0.36463001165678904
0.364787089223107
0.3648180531349734
0.3648487074079612
0.3648845599951852
0.3649678830958243
0.3650607748314235
0.3651131340201962
0.3651489866074202
0.365210914431153
0.36524676701837705
0.36529912620714966
0.3653610540308825
0.36541341321965515
0.3654492658068792
0.3654802297187456
0.36542787052997294
0.36545883444183935
0.36560224479073544
0.3655498856019628
0.3655857381891868
0.36561670210105324
0.3655808495138292
0.3656118134256956
0.36564766601291965
0.3657523843904649
0.36578334830233133
0.36585505347677943
0.36588601738864585
0.36599357515031794
0.36604593433909055
0.36607689825095696
0.3661292574397296
0.3661651100269537
0.3661651100269537
